SimRank Matrix of Graph 4:(7, 7)
[[1.         0.35211472 0.34050956 0.34528816 0.32892511 0.40773299
  0.28284333]
 [0.35211472 1.         0.39933231 0.36152279 0.40509544 0.27557619
  0.44746939]
 [0.34050956 0.39933231 1.         0.44279155 0.38232967 0.44123837
  0.44434473]
 [0.34528816 0.36152279 0.44279155 1.         0.33383297 0.52995841
  0.52995841]
 [0.32892511 0.40509544 0.38232967 0.33383297 1.         0.26282791
  0.40483802]
 [0.40773299 0.27557619 0.44123837 0.52995841 0.26282791 1.
  0.25991683]
 [0.28284333 0.44746939 0.44434473 0.52995841 0.40483802 0.25991683
  1.        ]]