@SimRank
>>Graph 1
1 [[1. 0. 0. 0. 0. 0.]
 [0. 1. 0. 0. 0. 0.]
 [0. 0. 1. 0. 0. 0.]
 [0. 0. 0. 1. 0. 0.]
 [0. 0. 0. 0. 1. 0.]
 [0. 0. 0. 0. 0. 1.]]
--------------
SimRank Matrix of Graph 1:(6, 6)
[[1. 0. 0. 0. 0. 0.]
 [0. 1. 0. 0. 0. 0.]
 [0. 0. 1. 0. 0. 0.]
 [0. 0. 0. 1. 0. 0.]
 [0. 0. 0. 0. 1. 0.]
 [0. 0. 0. 0. 0. 1.]]
-------------------------------------------------
>>Graph 2
1 [[1. 0. 0. 0. 0.]
 [0. 1. 0. 0. 0.]
 [0. 0. 1. 0. 0.]
 [0. 0. 0. 1. 0.]
 [0. 0. 0. 0. 1.]]
--------------
SimRank Matrix of Graph 2:(5, 5)
[[1. 0. 0. 0. 0.]
 [0. 1. 0. 0. 0.]
 [0. 0. 1. 0. 0.]
 [0. 0. 0. 1. 0.]
 [0. 0. 0. 0. 1.]]
-------------------------------------------------
>>Graph 3
1 [[1.  0.  0.4 0. ]
 [0.  1.  0.  0.4]
 [0.4 0.  1.  0. ]
 [0.  0.4 0.  1. ]]
--------------
2 [[1.   0.   0.56 0.  ]
 [0.   1.   0.   0.56]
 [0.56 0.   1.   0.  ]
 [0.   0.56 0.   1.  ]]
--------------
3 [[1.    0.    0.624 0.   ]
 [0.    1.    0.    0.624]
 [0.624 0.    1.    0.   ]
 [0.    0.624 0.    1.   ]]
--------------
4 [[1.     0.     0.6496 0.    ]
 [0.     1.     0.     0.6496]
 [0.6496 0.     1.     0.    ]
 [0.     0.6496 0.     1.    ]]
--------------
5 [[1.      0.      0.65984 0.     ]
 [0.      1.      0.      0.65984]
 [0.65984 0.      1.      0.     ]
 [0.      0.65984 0.      1.     ]]
--------------
6 [[1.       0.       0.663936 0.      ]
 [0.       1.       0.       0.663936]
 [0.663936 0.       1.       0.      ]
 [0.       0.663936 0.       1.      ]]
--------------
7 [[1.        0.        0.6655744 0.       ]
 [0.        1.        0.        0.6655744]
 [0.6655744 0.        1.        0.       ]
 [0.        0.6655744 0.        1.       ]]
--------------
8 [[1.         0.         0.66622976 0.        ]
 [0.         1.         0.         0.66622976]
 [0.66622976 0.         1.         0.        ]
 [0.         0.66622976 0.         1.        ]]
--------------
9 [[1.        0.        0.6664919 0.       ]
 [0.        1.        0.        0.6664919]
 [0.6664919 0.        1.        0.       ]
 [0.        0.6664919 0.        1.       ]]
--------------
10 [[1.         0.         0.66659676 0.        ]
 [0.         1.         0.         0.66659676]
 [0.66659676 0.         1.         0.        ]
 [0.         0.66659676 0.         1.        ]]
--------------
SimRank Matrix of Graph 3:(4, 4)
[[1.         0.         0.66659676 0.        ]
 [0.         1.         0.         0.66659676]
 [0.66659676 0.         1.         0.        ]
 [0.         0.66659676 0.         1.        ]]
-------------------------------------------------
>>Graph 4
1 [[1.         0.06666667 0.06666667 0.1        0.05       0.2
  0.        ]
 [0.06666667 1.         0.17777778 0.13333333 0.13333333 0.
  0.26666667]
 [0.06666667 0.17777778 1.         0.26666667 0.13333333 0.26666667
  0.26666667]
 [0.1        0.13333333 0.26666667 1.         0.1        0.4
  0.4       ]
 [0.05       0.13333333 0.13333333 0.1        1.         0.
  0.2       ]
 [0.2        0.         0.26666667 0.4        0.         1.
  0.        ]
 [0.         0.26666667 0.26666667 0.4        0.2        0.
  1.        ]]
--------------
2 [[1.         0.19074074 0.17       0.165      0.16416667 0.25333333
  0.07666667]
 [0.19074074 1.         0.25037037 0.19333333 0.27111111 0.07555556
  0.31111111]
 [0.17       0.25037037 1.         0.30666667 0.23666667 0.30666667
  0.30666667]
 [0.165      0.19333333 0.30666667 1.         0.165      0.42
  0.42      ]
 [0.16416667 0.27111111 0.23666667 0.165      1.         0.07
  0.26      ]
 [0.25333333 0.07555556 0.30666667 0.42       0.07       1.
  0.04      ]
 [0.07666667 0.31111111 0.30666667 0.42       0.26       0.04
  1.        ]]
--------------
3 [[1.         0.2437963  0.22940123 0.23560185 0.21166204 0.31555556
  0.15564815]
 [0.2437963  1.         0.29977778 0.25344444 0.306      0.15088889
  0.356     ]
 [0.22940123 0.29977778 1.         0.35444444 0.27727778 0.35444444
  0.35444444]
 [0.23560185 0.25344444 0.35444444 1.         0.21541667 0.46566667
  0.46566667]
 [0.21166204 0.306      0.27727778 0.21541667 1.         0.13183333
  0.299     ]
 [0.31555556 0.15088889 0.35444444 0.46566667 0.13183333 1.
  0.13133333]
 [0.15564815 0.356      0.35444444 0.46566667 0.299      0.13133333
  1.        ]]
--------------
4 [[1.         0.28139249 0.26696656 0.27155262 0.25336659 0.34302222
  0.20008302]
 [0.28139249 1.         0.33416941 0.28924794 0.34443169 0.1878284
  0.39066749]
 [0.26696656 0.33416941 1.         0.38324568 0.31544352 0.38055432
  0.38593704]
 [0.27155262 0.28924794 0.38324568 1.         0.25647176 0.48466481
  0.48466481]
 [0.25336659 0.34443169 0.31544352 0.25647176 1.         0.17158241
  0.34136111]
 [0.34302222 0.1878284  0.38055432 0.48466481 0.17158241 1.
  0.16932963]
 [0.20008302 0.39066749 0.38593704 0.48466481 0.34136111 0.16932963
  1.        ]]
--------------
5 [[1.         0.30590302 0.29265571 0.29762055 0.27928192 0.36629152
  0.22894957]
 [0.30590302 1.         0.35720883 0.31517347 0.36481625 0.22007516
  0.41027178]
 [0.29265571 0.35720883 1.         0.40463434 0.3385548  0.40262356
  0.40664512]
 [0.29762055 0.31517347 0.40463434 1.         0.28374397 0.50134664
  0.50134664]
 [0.27928192 0.36481625 0.3385548  0.28374397 1.         0.20455637
  0.36293157]
 [0.36629152 0.22007516 0.40262356 0.50134664 0.20455637 1.
  0.20269327]
 [0.22894957 0.41027178 0.40664512 0.50134664 0.36293157 0.20269327
  1.        ]]
--------------
6 [[1.         0.32316119 0.31046387 0.31520596 0.29794137 0.38158548
  0.24882644]
 [0.32316119 1.         0.37280994 0.33224759 0.37998228 0.24042152
  0.42407367]
 [0.31046387 0.37280994 1.         0.41865712 0.35491262 0.41680691
  0.42050733]
 [0.31520596 0.33224759 0.41865712 1.         0.30233755 0.51171277
  0.51171277]
 [0.29794137 0.37998228 0.35491262 0.30233755 1.         0.22610277
  0.37857233]
 [0.38158548 0.24042152 0.41680691 0.51171277 0.22610277 1.
  0.22342554]
 [0.24882644 0.42407367 0.42050733 0.51171277 0.37857233 0.22342554
  1.        ]]
--------------
7 [[1.         0.33484243 0.32260697 0.32741496 0.31040085 0.39219953
  0.26263038]
 [0.33484243 1.         0.38353106 0.34411485 0.39004564 0.25471774
  0.43351195]
 [0.32260697 0.38353106 1.         0.42845683 0.36594689 0.42674105
  0.43017262]
 [0.32741496 0.34411485 0.42845683 1.         0.31505719 0.51917655
  0.51917655]
 [0.31040085 0.39004564 0.36594689 0.31505719 1.         0.2409908
  0.38912358]
 [0.39219953 0.25471774 0.42674105 0.51917655 0.2409908  1.
  0.2383531 ]
 [0.26263038 0.43351195 0.43017262 0.51917655 0.38912358 0.2383531
  1.        ]]
--------------
8 [[1.         0.34287161 0.33092257 0.33570331 0.3190233  0.39939667
  0.27200996]
 [0.34287161 1.         0.39087099 0.35219025 0.39706603 0.26437465
  0.44000585]
 [0.33092257 0.39087099 1.         0.43510318 0.37357236 0.43345548
  0.43675088]
 [0.33570331 0.35219025 0.43510318 1.         0.32378173 0.52416034
  0.52416034]
 [0.3190233  0.39706603 0.37357236 0.32378173 1.         0.25111448
  0.39644897]
 [0.39939667 0.26437465 0.43345548 0.52416034 0.25111448 1.
  0.24832068]
 [0.27200996 0.44000585 0.43675088 0.52416034 0.39644897 0.24832068
  1.        ]]
--------------
9 [[1.         0.34835657 0.3366135  0.3413967  0.32489603 0.40435057
  0.27844283]
 [0.34835657 1.         0.3958942  0.35773377 0.4018244  0.27103397
  0.44443357]
 [0.3366135  0.3958942  1.         0.43967089 0.37876683 0.43808134
  0.44126043]
 [0.3413967  0.35773377 0.43967089 1.         0.32974784 0.52760932
  0.52760932]
 [0.32489603 0.4018244  0.37876683 0.32974784 1.         0.2580737
  0.40142199]
 [0.40435057 0.27103397 0.43808134 0.52760932 0.2580737  1.
  0.25521864]
 [0.27844283 0.44443357 0.44126043 0.52760932 0.40142199 0.25521864
  1.        ]]
--------------
10 [[1.         0.35211472 0.34050956 0.34528816 0.32892511 0.40773299
  0.28284333]
 [0.35211472 1.         0.39933231 0.36152279 0.40509544 0.27557619
  0.44746939]
 [0.34050956 0.39933231 1.         0.44279155 0.38232967 0.44123837
  0.44434473]
 [0.34528816 0.36152279 0.44279155 1.         0.33383297 0.52995841
  0.52995841]
 [0.32892511 0.40509544 0.38232967 0.33383297 1.         0.26282791
  0.40483802]
 [0.40773299 0.27557619 0.44123837 0.52995841 0.26282791 1.
  0.25991683]
 [0.28284333 0.44746939 0.44434473 0.52995841 0.40483802 0.25991683
  1.        ]]
--------------
SimRank Matrix of Graph 4:(7, 7)
[[1.         0.35211472 0.34050956 0.34528816 0.32892511 0.40773299
  0.28284333]
 [0.35211472 1.         0.39933231 0.36152279 0.40509544 0.27557619
  0.44746939]
 [0.34050956 0.39933231 1.         0.44279155 0.38232967 0.44123837
  0.44434473]
 [0.34528816 0.36152279 0.44279155 1.         0.33383297 0.52995841
  0.52995841]
 [0.32892511 0.40509544 0.38232967 0.33383297 1.         0.26282791
  0.40483802]
 [0.40773299 0.27557619 0.44123837 0.52995841 0.26282791 1.
  0.25991683]
 [0.28284333 0.44746939 0.44434473 0.52995841 0.40483802 0.25991683
  1.        ]]
-------------------------------------------------
